0 16.25
1 16.36
2 16.01
3 15.85
4 15.5
5 15.52
6 15.15
7 15.13
8 14.76
9 14.63
10 14.91
11 14.26
12 14.54
13 15.51
14 15.87
15 15.52
16 14.89
17 14.92
18 14.44
19 15.23
20 15.92
21 17.68
22 17.01
23 17.12
24 19.42
25 20.76
26 20.26
27 20.62
28 20.61
29 20.53
30 21.14
31 21.09
32 21.31
33 20.44
34 21.55
35 21.24
36 20.26
37 20.11
38 21.08
39 21.7
40 20.6
41 20.55
42 19.5
43 19.72
44 20.44
45 20.97
46 20.72
47 21.45
48 21.33
49 21.08
50 21.28
51 21.13
52 20.5
53 20.99
54 19.85
55 18.82
56 19.11
57 19.45
58 19.12
59 18.41
60 17.89
61 17.44
62 17.53
63 17.46
64 17.88
65 17.9
66 17.61
67 18.13
68 18.12
69 17.88
70 17.36
71 17.08
72 16.3
73 16.39
74 16.75
75 16.03
76 16.15
77 15.98
78 16.55
79 15.72
80 15.48
81 15.12
82 14.9
83 14.06
84 14.16
85 13.08
86 11.98
87 12.76
88 12.33
89 12.12
90 12.23
91 12.32
92 11.53
93 12.0
94 12.2
95 12.38
96 12.21
97 12.19
98 12.55
99 12.26
100 12.43
101 12.24
102 11.94
103 11.85
104 11.43
105 10.61
106 10.34
107 10.8
108 10.24
109 10.43
110 10.64
111 10.4
112 10.35
113 10.58
114 10.59
115 9.93
116 9.4
117 9.21
118 9.17
119 9.19
120 8.95
121 9.27
122 9.04
123 8.7
124 8.86
125 8.69
126 8.51
127 8.69
128 9.02
129 9.66
130 9.94
131 10.03
132 9.81
133 9.82
134 9.71
135 9.96
136 10.38
137 11.16
138 10.52
139 10.87
140 11.44
141 11.63
142 11.73
143 12.36
144 11.71
145 12.0
146 11.68
147 12.41
148 12.75
149 12.64
150 12.51
151 12.11
152 11.85
153 11.28
154 11.27
155 11.6
156 12.35
157 11.92
158 12.03
159 11.77
160 11.87
161 11.58
162 11.45
163 11.27
164 11.51
165 11.47
166 11.1
167 10.83
168 9.91
169 9.73
170 10.11
171 10.13
172 9.86
173 9.4
174 9.095
175 8.85
176 8.65
177 8.35
178 8.12
179 8.53
180 8.26
181 8.35
182 9.09
183 9.32
184 9.52
185 9.7
186 9.29
187 8.29
188 7.82
189 7.6
190 7.5
191 7.53
192 7.73
193 7.78
194 7.65
195 7.37
196 7.48
197 7.85
198 8.1
199 8.4
200 9.3
201 9.05
202 9.17
203 9.49
204 9.24
205 9.36
206 9.56
207 9.7
208 9.34
209 9.6
210 10.61
211 11.34
212 11.69
213 11.97
214 11.19
215 11.17
216 11.7
217 11.47
218 11.57
219 11.35
220 11.22
221 11.31
222 11.52
223 11.81
224 11.9
225 12.4
226 12.5
227 12.89
228 12.71
229 13.15
230 12.76
231 12.35
232 10.29
233 9.08
234 10.47
235 10.23
236 10.7
237 10.12
238 10.33
239 9.71
240 9.97
241 9.73
242 9.68
243 9.49
244 10.71
245 11.57
246 12.01
247 12.44
248 13.1
249 13.88
