0 16.677377049180322
1 16.6711475409836
2 16.68868852459016
3 16.70786885245901
4 16.746229508196716
5 16.789672131147533
6 16.818032786885244
7 16.845901639344255
8 16.88918032786885
9 16.954426229508197
10 17.007540983606557
11 17.06245901639344
12 17.11393442622951
13 17.173770491803282
14 17.254918032786886
15 17.340491803278688
16 17.434426229508198
17 17.539508196721314
18 17.646229508196722
19 17.75016393442623
20 17.855245901639346
21 17.95327868852459
22 18.041147540983612
23 18.133934426229516
24 18.202950819672136
25 18.25245901639345
26 18.29655737704918
27 18.355409836065576
28 18.411475409836065
29 18.45754098360656
30 18.491967213114762
31 18.511475409836073
32 18.530655737704926
33 18.554426229508206
34 18.5877049180328
35 18.62704918032788
36 18.661311475409846
37 18.71016393442624
38 18.75918032786886
39 18.810327868852468
40 18.855081967213124
41 18.890655737704925
42 18.92409836065574
43 18.9544262295082
44 18.97475409836066
45 18.97737704918033
46 18.987704918032794
47 19.00557377049181
48 19.032295081967217
49 19.053278688524596
50 19.05737704918034
51 19.04426229508197
52 18.998688524590168
53 18.95032786885246
54 18.90180327868853
55 18.79786885245902
56 18.653934426229508
57 18.530983606557378
58 18.395081967213116
59 18.25590163934426
60 18.119836065573764
61 17.97524590163934
62 17.818524590163932
63 17.66590163934426
64 17.530819672131145
65 17.380491803278694
66 17.232459016393445
67 17.10016393442623
68 16.976229508196724
69 16.8316393442623
70 16.67967213114754
71 16.542622950819673
72 16.401475409836067
73 16.276065573770495
74 16.14016393442623
75 15.979016393442624
76 15.804754098360657
77 15.642131147540985
78 15.458360655737705
79 15.279672131147542
80 15.108524590163935
81 14.93016393442623
82 14.75344262295082
83 14.59081967213115
84 14.420327868852462
85 14.25770491803279
86 14.103278688524593
87 13.94098360655738
88 13.772459016393443
89 13.609672131147542
90 13.454590163934428
91 13.313278688524592
92 13.175573770491804
93 13.030819672131148
94 12.88983606557377
95 12.739180327868853
96 12.585245901639345
97 12.439016393442625
98 12.289672131147542
99 12.150983606557377
100 12.020819672131148
101 11.900655737704922
102 11.78147540983607
103 11.675245901639347
104 11.565737704918034
105 11.454426229508199
106 11.361803278688527
107 11.280000000000003
108 11.190491803278691
109 11.097377049180329
110 11.0272131147541
111 10.964098360655738
112 10.908524590163935
113 10.86688524590164
114 10.828360655737706
115 10.792950819672132
116 10.769999999999998
117 10.777049180327866
118 10.776885245901637
119 10.781967213114752
120 10.788360655737703
121 10.78639344262295
122 10.778688524590164
123 10.774590163934427
124 10.76262295081967
125 10.7527868852459
126 10.752295081967214
127 10.747540983606555
128 10.744918032786885
129 10.732131147540981
130 10.72573770491803
131 10.711803278688524
132 10.698852459016392
133 10.687868852459015
134 10.682295081967213
135 10.682950819672131
136 10.690983606557376
137 10.699016393442625
138 10.684426229508198
139 10.676065573770494
140 10.67081967213115
141 10.662459016393445
142 10.653606557377051
143 10.63803278688525
144 10.613688524590167
145 10.585163934426232
146 10.564180327868854
147 10.546967213114756
148 10.529098360655738
149 10.51860655737705
150 10.503360655737705
151 10.493524590163934
152 10.490573770491805
153 10.495163934426232
154 10.508606557377052
155 10.522377049180331
156 10.532213114754098
157 10.528606557377051
158 10.514344262295085
159 10.491065573770495
160 10.455655737704921
161 10.416147540983609
162 10.378442622950821
163 10.345163934426232
164 10.309590163934429
165 10.271229508196722
166 10.230573770491803
167 10.189098360655738
168 10.13893442622951
169 10.104180327868853
170 10.07844262295082
171 10.039262295081967
172 9.998934426229507
173 9.962213114754098
174 9.911065573770493
175 9.872540983606555
176 9.832540983606554
177 9.800081967213114
178 9.749754098360654
179 9.698114754098361
180 9.664836065573772
181 9.645655737704919
182 9.638770491803282
183 9.640737704918036
184 9.639262295081974
185 9.637622950819676
186 9.639262295081972
187 9.624836065573774
188 9.619098360655741
189 9.607950819672133
190 9.598934426229514
191 9.589754098360658
192 9.588770491803281
193 9.59467213114754
194 9.605
195 9.619590163934424
196 9.636475409836065
197 9.665819672131148
198 9.696639344262294
199 9.749754098360656
200 9.799426229508198
201 9.836147540983609
202 9.83877049180328
203 9.825983606557378
204 9.843524590163936
205 9.862131147540984
206 9.892459016393444
207 9.916557377049182
208 9.949016393442625
209 9.975081967213116
210 9.998688524590166
211 10.022786885245905
212 10.04459016393443
213 10.05114754098361
214 10.073934426229512
215 10.107540983606562
216 10.145409836065578
217 10.197049180327872
218 10.275901639344267
219 10.375245901639346
220 0.0
221 0.0
222 0.0
223 0.0
224 0.0
225 0.0
226 0.0
227 0.0
228 0.0
229 0.0
230 0.0
231 0.0
232 0.0
233 0.0
234 0.0
235 0.0
236 0.0
237 0.0
238 0.0
239 0.0
240 0.0
241 0.0
242 0.0
243 0.0
244 0.0
245 0.0
246 0.0
247 0.0
248 0.0
249 0.0
