0 15.643
1 15.753
2 15.875
3 15.943000000000001
4 15.963999999999999
5 15.934000000000001
6 15.844
7 15.773
8 15.716
9 15.632
10 15.516
11 15.382
12 15.172
13 15.025
14 14.991
15 15.028
16 15.028
17 15.002
18 14.981
19 14.949000000000002
20 15.009
21 15.11
22 15.452000000000002
23 15.699000000000002
24 15.86
25 16.215
26 16.739
27 17.276000000000003
28 17.846
29 18.463
30 18.993000000000002
31 19.515
32 19.856
33 20.286
34 20.618000000000002
35 20.831
36 20.878999999999998
37 20.878999999999998
38 20.828
39 20.875
40 20.991999999999997
41 20.938
42 20.884
43 20.703
44 20.631
45 20.52
46 20.493000000000002
47 20.538999999999998
48 20.673
49 20.698
50 20.636
51 20.704
52 20.762
53 20.862000000000002
54 20.988999999999997
55 20.93
56 20.715
57 20.554
58 20.354
59 20.133
60 19.866
61 19.527
62 19.158
63 18.861
64 18.508000000000003
65 18.311
66 18.219
67 18.069
68 17.937
69 17.837
70 17.784
71 17.731
72 17.695
73 17.572
74 17.465
75 17.351999999999997
76 17.165
77 17.019
78 16.804
79 16.647
80 16.431
81 16.243000000000002
82 16.047
83 15.907
84 15.674000000000001
85 15.415000000000001
86 15.12
87 14.703
88 14.381
89 13.959
90 13.599
91 13.274000000000001
92 12.994
93 12.657
94 12.451
95 12.254999999999999
96 12.184999999999999
97 12.208
98 12.151
99 12.173
100 12.187000000000001
101 12.206999999999999
102 12.199
103 12.24
104 12.225
105 12.148
106 11.971
107 11.784
108 11.645
109 11.414
110 11.231
111 11.052
112 10.868
113 10.709
114 10.581999999999999
115 10.498000000000001
116 10.43
117 10.336
118 10.177
119 10.07
120 9.946000000000002
121 9.777
122 9.664
123 9.533
124 9.345
125 9.172
126 9.047999999999998
127 8.959
128 8.907
129 8.892
130 8.939
131 9.038
132 9.114
133 9.190999999999999
134 9.303
135 9.388
136 9.515
137 9.702
138 9.949000000000002
139 10.099
140 10.22
141 10.370000000000001
142 10.53
143 10.722
144 10.976
145 11.176
146 11.379999999999999
147 11.51
148 11.635
149 11.858
150 12.035
151 12.142
152 12.190000000000001
153 12.202
154 12.094
155 12.05
156 12.01
157 12.077
158 12.028
159 11.956
160 11.869
161 11.805
162 11.751999999999999
163 11.712
164 11.711
165 11.735
166 11.722
167 11.597
168 11.488
169 11.276
170 11.072
171 10.895999999999999
172 10.751000000000001
173 10.592
174 10.405
175 10.1635
176 9.9015
177 9.6565
178 9.4085
179 9.2295
180 9.1095
181 8.9245
182 8.746500000000001
183 8.6695
184 8.6615
185 8.703999999999999
186 8.789
187 8.853
188 8.847
189 8.817
190 8.724
191 8.648
192 8.565999999999999
193 8.43
194 8.276
195 8.089
196 7.856
197 7.675
198 7.631
199 7.659000000000001
200 7.739
201 7.919
202 8.071000000000002
203 8.215
204 8.386
205 8.545
206 8.744
207 8.952
208 9.137
209 9.261
210 9.381
211 9.512
212 9.741
213 9.992999999999999
214 10.241
215 10.436
216 10.617
217 10.831
218 11.008
219 11.231
220 11.406
221 11.467
222 11.464
223 11.447
224 11.431000000000001
225 11.501999999999999
226 11.625
227 11.705
228 11.847
229 11.961
230 12.141
231 12.295
232 12.399000000000001
233 12.276
234 12.003
235 11.86
236 11.643
237 11.463
238 11.186
239 10.948
240 10.604
241 10.325
242 10.062999999999999
243 10.001999999999999
244 10.043000000000001
245 10.067
246 10.201
247 10.332
248 10.564
249 10.841
