0 19.751099999999997
1 19.709500000000002
2 19.6662
3 19.6214
4 19.5733
5 19.5218
6 19.4686
7 19.4062
8 19.3455
9 19.276600000000002
10 19.2143
11 19.1541
12 19.0935
13 19.0372
14 18.9977
15 18.9629
16 18.9256
17 18.8799
18 18.8348
19 18.7836
20 18.7348
21 18.686600000000002
22 18.6694
23 18.6472
24 18.623800000000003
25 18.6149
26 18.6203
27 18.6098
28 18.6129
29 18.6098
30 18.6065
31 18.6047
32 18.6068
33 18.6144
34 18.6176
35 18.6281
36 18.6383
37 18.639
38 18.6404
39 18.6541
40 18.6749
41 18.6832
42 18.6907
43 18.6875
44 18.6859
45 18.692
46 18.7045
47 18.713700000000003
48 18.7313
49 18.755
50 18.7728
51 18.7895
52 18.7883
53 18.7793
54 18.772100000000002
55 18.7559
56 18.7257
57 18.6643
58 18.6146
59 18.5708
60 18.508499999999998
61 18.437
62 18.3592
63 18.2814
64 18.208399999999997
65 18.1478
66 18.092200000000002
67 18.0313
68 17.9806
69 17.9322
70 17.8896
71 17.848499999999998
72 17.8169
73 17.7872
74 17.759
75 17.7406
76 17.7156
77 17.692999999999998
78 17.6684
79 17.6567
80 17.6403
81 17.6231
82 17.610699999999998
83 17.599
84 17.5847
85 17.5688
86 17.5497
87 17.5191
88 17.4985
89 17.4744
90 17.4469
91 17.4177
92 17.3895
93 17.3515
94 17.3151
95 17.2791
96 17.238699999999998
97 17.2022
98 17.1671
99 17.1366
100 17.101300000000002
101 17.0631
102 17.021900000000002
103 16.981199999999998
104 16.9412
105 16.9005
106 16.8514
107 16.8033
108 16.76
109 16.7148
110 16.6728
111 16.6301
112 16.5915
113 16.5496
114 16.5003
115 16.4475
116 16.3916
117 16.3367
118 16.279600000000002
119 16.2269
120 16.1665
121 16.0968
122 16.0127
123 15.933
124 15.8488
125 15.7432
126 15.6225
127 15.505
128 15.3857
129 15.2698
130 15.1611
131 15.049100000000001
132 14.9385
133 14.8235
134 14.7173
135 14.5989
136 14.486099999999999
137 14.3873
138 14.2978
139 14.1922
140 14.083900000000002
141 13.9923
142 13.9031
143 13.8254
144 13.751800000000001
145 13.6645
146 13.5748
147 13.4844
148 13.394
149 13.3082
150 13.2238
151 13.136099999999999
152 13.0459
153 12.9594
154 12.8623
155 12.7765
156 12.7043
157 12.636700000000001
158 12.5614
159 12.490499999999999
160 12.424100000000001
161 12.363900000000001
162 12.305299999999999
163 12.2445
164 12.1826
165 12.118900000000002
166 12.0546
167 11.9895
168 11.916500000000001
169 11.8344
170 11.7529
171 11.680399999999999
172 11.610899999999999
173 11.546500000000002
174 11.476600000000001
175 11.40005
176 11.32825
177 11.253250000000001
178 11.17695
179 11.09265
180 11.02075
181 10.948550000000001
182 10.88085
183 10.822750000000001
184 10.775350000000001
185 10.72895
186 10.695150000000002
187 10.66825
188 10.62355
189 10.57845
190 10.53325
191 10.48595
192 10.43805
193 10.400049999999998
194 10.357850000000001
195 10.312349999999999
196 10.26225
197 10.21495
198 10.17155
199 10.12705
200 10.08845
201 10.05715
202 10.02525
203 9.99755
204 9.97395
205 9.95205
206 9.93955
207 9.93175
208 9.92075
209 9.91175
210 9.90345
211 9.90315
212 9.91255
213 9.92595
214 9.93985
215 9.94585
216 9.95825
217 9.98125
218 10.00385
219 10.027849999999999
220 10.04945
221 10.07215
222 10.09255
223 10.11735
224 10.14845
225 10.17885
226 10.21595
227 10.25585
228 10.29785
229 10.33475
230 10.36965
231 10.39785
232 10.421050000000001
233 10.42585
234 10.41845
235 10.42605
236 10.42875
237 10.431949999999999
238 10.42155
239 10.419649999999999
240 10.408050000000001
241 10.39335
242 10.37435
243 10.35385
244 10.32515
245 10.315150000000001
246 10.31085
247 10.31415
248 10.314449999999999
249 10.317950000000002
