0 15.588
1 15.5405
2 15.5405
3 15.5375
4 15.5555
5 15.543000000000001
6 15.5695
7 15.575
8 15.5905
9 15.5915
10 15.579500000000001
11 15.5675
12 15.523500000000002
13 15.484
14 15.477500000000001
15 15.481
16 15.435999999999998
17 15.3875
18 15.348500000000001
19 15.2905
20 15.2625
21 15.246
22 15.312000000000001
23 15.362
24 15.4255
25 15.621500000000001
26 15.883500000000002
27 16.139000000000003
28 16.4135
29 16.706
30 17.000999999999998
31 17.3125
32 17.654
33 17.9925
34 18.239
35 18.523000000000003
36 18.809
37 19.0775
38 19.337
39 19.669
40 19.9925
41 20.2265
42 20.37
43 20.4945
44 20.6245
45 20.6755
46 20.686
47 20.709
48 20.7505
49 20.7865
50 20.814
51 20.821
52 20.823
53 20.7825
54 20.81
55 20.725
56 20.604
57 20.5465
58 20.5135
59 20.4155
60 20.250999999999998
61 20.1155
62 19.96
63 19.8615
64 19.7485
65 19.6205
66 19.467
67 19.311500000000002
68 19.1455
69 18.985
70 18.825
71 18.628999999999998
72 18.426499999999997
73 18.2165
74 17.9865
75 17.8315
76 17.692
77 17.544
78 17.3705
79 17.241999999999997
80 17.107499999999998
81 16.987000000000002
82 16.871000000000002
83 16.7395
84 16.569499999999998
85 16.3835
86 16.142500000000002
87 15.861
88 15.592500000000001
89 15.303
90 15.015
91 14.758500000000002
92 14.520500000000002
93 14.282
94 14.0625
95 13.834999999999999
96 13.6525
97 13.4555
98 13.266
99 13.065999999999999
100 12.893
101 12.7405
102 12.5965
103 12.4485
104 12.338
105 12.2015
106 12.078
107 11.995999999999999
108 11.898
109 11.7935
110 11.709
111 11.6295
112 11.5335
113 11.4745
114 11.4035
115 11.323
116 11.2005
117 11.059999999999999
118 10.911
119 10.742
120 10.5885
121 10.4145
122 10.266
123 10.120999999999999
124 9.9635
125 9.834999999999999
126 9.739
127 9.647499999999999
128 9.542
129 9.481
130 9.442499999999999
131 9.4075
132 9.389
133 9.362
134 9.324
135 9.28
136 9.2815
137 9.330499999999999
138 9.428
139 9.4955
140 9.5795
141 9.703999999999999
142 9.822
143 9.9565
144 10.1395
145 10.282
146 10.4475
147 10.606
148 10.792
149 10.9785
150 11.127500000000001
151 11.256
152 11.36
153 11.462
154 11.535
155 11.613
156 11.695
157 11.7935
158 11.8315
159 11.907
160 11.952
161 11.9735
162 11.971
163 11.956999999999999
164 11.9025
165 11.8925
166 11.866
167 11.837
168 11.758
169 11.616
170 11.4705
171 11.3505
172 11.2515
173 11.152
174 11.058
175 10.94925
176 10.81175
177 10.62675
178 10.44825
179 10.25275
180 10.09075
181 9.91025
182 9.74875
183 9.63075
184 9.533249999999999
185 9.43375
186 9.34525
187 9.25475
188 9.12775
189 9.02325
190 8.91675
191 8.786249999999999
192 8.65625
193 8.54975
194 8.46875
195 8.3965
196 8.3225
197 8.264
198 8.239
199 8.238
200 8.2315
201 8.2835
202 8.3185
203 8.3225
204 8.331
205 8.317
206 8.3
207 8.313500000000001
208 8.384
209 8.459999999999999
210 8.559999999999999
211 8.7155
212 8.906
213 9.104000000000001
214 9.313500000000001
215 9.4905
216 9.6805
217 9.891499999999999
218 10.0725
219 10.245999999999999
220 10.3935
221 10.4895
222 10.602500000000001
223 10.72
224 10.836
225 10.969
226 11.120999999999999
227 11.268
228 11.4275
229 11.596
230 11.7735
231 11.881
232 11.9315
233 11.8615
234 11.717
235 11.681000000000001
236 11.634
237 11.584
238 11.5165
239 11.4545
240 11.372499999999999
241 11.309999999999999
242 11.231
243 11.139
244 11.023
245 10.9635
246 10.922
247 10.897499999999999
248 10.875
249 10.894499999999999
