0 22.5717
1 22.535999999999998
2 22.49605
3 22.45095
4 22.39645
5 22.3391
6 22.28315
7 22.226599999999998
8 22.171149999999997
9 22.11135
10 22.053350000000002
11 21.999899999999997
12 21.940700000000003
13 21.8818
14 21.828000000000003
15 21.77705
16 21.7304
17 21.6763
18 21.62
19 21.5554
20 21.4917
21 21.4287
22 21.37835
23 21.32635
24 21.27725
25 21.2383
26 21.2092
27 21.18165
28 21.156750000000002
29 21.1273
30 21.094749999999998
31 21.06475
32 21.0465
33 21.0192
34 20.98175
35 20.952199999999998
36 20.9265
37 20.899099999999997
38 20.87145
39 20.846799999999998
40 20.824099999999998
41 20.804250000000003
42 20.7813
43 20.7485
44 20.7163
45 20.68625
46 20.661199999999997
47 20.632600000000004
48 20.6056
49 20.584850000000003
50 20.561999999999998
51 20.5431
52 20.5212
53 20.495700000000003
54 20.47015
55 20.4368
56 20.3985
57 20.3645
58 20.33125
59 20.294
60 20.2533
61 20.2111
62 20.1637
63 20.11365
64 20.076
65 20.04285
66 20.00805
67 19.9761
68 19.95105
69 19.929949999999998
70 19.90685
71 19.8808
72 19.8501
73 19.8132
74 19.77795
75 19.74375
76 19.7066
77 19.6697
78 19.635650000000002
79 19.596700000000002
80 19.5516
81 19.50665
82 19.4578
83 19.404
84 19.3502
85 19.2927
86 19.230050000000002
87 19.164949999999997
88 19.10625
89 19.04675
90 18.9898
91 18.93385
92 18.8774
93 18.81755
94 18.75725
95 18.69105
96 18.62805
97 18.5752
98 18.52045
99 18.4678
100 18.426199999999998
101 18.386300000000002
102 18.34405
103 18.3013
104 18.25725
105 18.21115
106 18.16
107 18.10475
108 18.05275
109 17.9957
110 17.943550000000002
111 17.8921
112 17.8425
113 17.7934
114 17.749000000000002
115 17.7052
116 17.6586
117 17.6083
118 17.5572
119 17.50525
120 17.45065
121 17.3917
122 17.34105
123 17.2901
124 17.2363
125 17.17905
126 17.1214
127 17.0574
128 16.9993
129 16.9398
130 16.8838
131 16.826900000000002
132 16.772650000000002
133 16.71895
134 16.66745
135 16.6135
136 16.5622
137 16.51315
138 16.4691
139 16.42315
140 16.3794
141 16.33775
142 16.2969
143 16.25645
144 16.21885
145 16.178250000000002
146 16.13965
147 16.09905
148 16.06265
149 16.0316
150 15.998299999999999
151 15.9628
152 15.9171
153 15.869349999999999
154 15.8172
155 15.7662
156 15.715
157 15.6505
158 15.588
159 15.530650000000001
160 15.4663
161 15.400450000000001
162 15.332249999999998
163 15.26295
164 15.1955
165 15.13335
166 15.0734
167 15.010399999999999
168 14.948550000000001
169 14.883299999999998
170 14.82125
171 14.76445
172 14.7139
173 14.66685
174 14.617799999999999
175 14.570325
176 14.521925000000001
177 14.473125
178 14.422675
179 14.374675
180 14.330525
181 14.285824999999999
182 14.245775000000002
183 14.210875000000001
184 14.180025
185 14.148875
186 14.122425
187 14.093675000000001
188 14.061024999999999
189 14.026425
190 13.990075
191 13.951825
192 13.913775000000001
193 13.875775
194 13.836475
195 13.795725
196 13.750475
197 13.708575000000002
198 13.669324999999999
199 13.631825
200 13.594875
201 13.560125000000001
202 13.523575000000001
203 13.489375
204 13.457574999999999
205 13.426275
206 13.395475
207 13.367525
208 13.340375
209 13.313275
210 13.288125
211 13.266625
212 13.252025000000001
213 13.237775
214 13.220075
215 13.196675
216 13.174925
217 13.158975
218 13.141725
219 13.127374999999999
220 13.107975
221 13.084475
222 13.052625
223 13.025174999999999
224 12.998624999999999
225 12.961025
226 12.919224999999999
227 12.880425
228 12.841775
229 12.802275
230 12.765374999999999
231 12.723475
232 12.679775
233 12.624675
234 12.567874999999999
235 12.512475
236 12.457425
237 12.409625
238 12.359675
239 12.305925
240 12.245975000000001
241 12.192825000000001
242 12.138724999999999
243 12.089625000000002
244 12.038475
245 11.989825000000002
246 11.942825000000001
247 11.899275
248 11.854225
249 11.813075
