0 15.874
1 15.84
2 15.940000000000001
3 16.002000000000002
4 16.052
5 15.994
6 15.847999999999999
7 15.606
8 15.430000000000001
9 15.212
10 15.038
11 14.916
12 14.738
13 14.62
14 14.77
15 15.018
16 15.14
17 15.266
18 15.341999999999999
19 15.128
20 15.0
21 15.080000000000002
22 15.638
23 16.056
24 16.592000000000002
25 17.43
26 18.398000000000003
27 18.914
28 19.636000000000003
29 20.334
30 20.556
31 20.631999999999998
32 20.798000000000002
33 20.936
34 20.902
35 21.106
36 21.125999999999998
37 20.96
38 20.72
39 20.848
40 20.878
41 20.75
42 20.808
43 20.686
44 20.413999999999998
45 20.162
46 20.236
47 20.27
48 20.66
49 20.982
50 21.11
51 21.172
52 21.253999999999998
53 21.064
54 20.996
55 20.75
56 20.258
57 19.854
58 19.644
59 19.27
60 18.982
61 18.796
62 18.462
63 18.078
64 17.746000000000002
65 17.64
66 17.642000000000003
67 17.676
68 17.796
69 17.928
70 17.928
71 17.82
72 17.714
73 17.348
74 17.002
75 16.776
76 16.509999999999998
77 16.324
78 16.259999999999998
79 16.292
80 16.086000000000002
81 15.975999999999999
82 15.77
83 15.553999999999998
84 15.056000000000001
85 14.744
86 14.264
87 13.636000000000001
88 13.208000000000002
89 12.862
90 12.453999999999999
91 12.284
92 12.352
93 12.106
94 12.040000000000001
95 12.056000000000001
96 12.086
97 12.064
98 12.196000000000002
99 12.306000000000001
100 12.318000000000001
101 12.328
102 12.334
103 12.284
104 12.144
105 11.978
106 11.614
107 11.234
108 11.006
109 10.684000000000001
110 10.484
111 10.49
112 10.502
113 10.412
114 10.48
115 10.512
116 10.370000000000001
117 10.17
118 9.942
119 9.66
120 9.379999999999999
121 9.184000000000001
122 9.158
123 9.123999999999999
124 9.03
125 8.963999999999999
126 8.911999999999999
127 8.76
128 8.69
129 8.754
130 8.914
131 9.164
132 9.468
133 9.692
134 9.852
135 9.862
136 9.866
137 9.936000000000002
138 10.206
139 10.346
140 10.578
141 10.873999999999999
142 11.123999999999999
143 11.238
144 11.606
145 11.774000000000001
146 11.886
147 11.896
148 12.032
149 12.11
150 12.296000000000001
151 12.398
152 12.484
153 12.372
154 12.078
155 11.803999999999998
156 11.622
157 11.669999999999998
158 11.684000000000001
159 11.834
160 11.934000000000001
161 11.988
162 11.834
163 11.739999999999998
164 11.588
165 11.536
166 11.456
167 11.36
168 11.236
169 10.964
170 10.608
171 10.336
172 10.142
173 9.948
174 9.846
175 9.719
176 9.467
177 9.171000000000001
178 8.869
179 8.613
180 8.5
181 8.382
182 8.322
183 8.469999999999999
184 8.709999999999999
185 8.908
186 9.196
187 9.384
188 9.224
189 8.924
190 8.54
191 8.1
192 7.748
193 7.636
194 7.628
195 7.638
196 7.612
197 7.602000000000001
198 7.626
199 7.69
200 7.840000000000001
201 8.226
202 8.540000000000001
203 8.804
204 9.082
205 9.25
206 9.262
207 9.364
208 9.47
209 9.440000000000001
210 9.512
211 9.762
212 10.117999999999999
213 10.516
214 11.042
215 11.36
216 11.472
217 11.544
218 11.5
219 11.42
220 11.452
221 11.462
222 11.384
223 11.394
224 11.442
225 11.552000000000001
226 11.788
227 12.026
228 12.3
229 12.48
230 12.73
231 12.802000000000001
232 12.772
233 12.251999999999999
234 11.526
235 10.99
236 10.484
237 10.154
238 10.120000000000001
239 10.370000000000001
240 10.218
241 10.166
242 9.972
243 9.884
244 9.716
245 9.916
246 10.236
247 10.692
248 11.244
249 11.966
