0 19.3164
1 19.249200000000002
2 19.151400000000002
3 19.043599999999998
4 18.9264
5 18.807000000000002
6 18.6806
7 18.4786
8 18.2928
9 18.118
10 17.9178
11 17.7152
12 17.496
13 17.2806
14 17.0956
15 16.9342
16 16.7754
17 16.5992
18 16.4336
19 16.263199999999998
20 16.125
21 16.014
22 15.9628
23 15.9176
24 15.8758
25 15.8924
26 15.937000000000001
27 15.974
28 16.0176
29 16.0754
30 16.1388
31 16.2176
32 16.3122
33 16.417
34 16.516
35 16.632
36 16.757
37 16.8614
38 16.967200000000002
39 17.094
40 17.2306
41 17.3396
42 17.4478
43 17.531200000000002
44 17.6128
45 17.7056
46 17.7966
47 17.893800000000002
48 18.0088
49 18.1234
50 18.229200000000002
51 18.3298
52 18.4252
53 18.515
54 18.6178
55 18.7048
56 18.770799999999998
57 18.85
58 18.936400000000003
59 19.0236
60 19.0992
61 19.1588
62 19.2224
63 19.2822
64 19.3212
65 19.3614
66 19.409000000000002
67 19.4634
68 19.5276
69 19.601200000000002
70 19.6542
71 19.683
72 19.671
73 19.6568
74 19.6422
75 19.588800000000003
76 19.4942
77 19.412
78 19.319200000000002
79 19.238
80 19.1418
81 19.028599999999997
82 18.909200000000002
83 18.781
84 18.653399999999998
85 18.5056
86 18.3424
87 18.1768
88 18.0298
89 17.8548
90 17.6632
91 17.4958
92 17.3312
93 17.1718
94 17.0174
95 16.8526
96 16.680799999999998
97 16.5106
98 16.3254
99 16.1498
100 15.9734
101 15.7964
102 15.618599999999999
103 15.4474
104 15.2646
105 15.0962
106 14.932
107 14.7566
108 14.583599999999999
109 14.405999999999999
110 14.246400000000001
111 14.101400000000002
112 13.9606
113 13.817
114 13.679400000000001
115 13.5336
116 13.3742
117 13.21
118 13.031600000000001
119 12.8526
120 12.6788
121 12.5106
122 12.3544
123 12.209200000000001
124 12.055399999999999
125 11.8976
126 11.7508
127 11.597999999999999
128 11.4522
129 11.3016
130 11.180399999999999
131 11.069600000000001
132 10.9678
133 10.866
134 10.781199999999998
135 10.6922
136 10.6298
137 10.5978
138 10.5658
139 10.5296
140 10.5046
141 10.4888
142 10.475
143 10.479000000000001
144 10.486199999999998
145 10.476400000000002
146 10.468800000000002
147 10.4582
148 10.4626
149 10.466600000000001
150 10.474200000000002
151 10.4758
152 10.473199999999999
153 10.471400000000001
154 10.46
155 10.456800000000001
156 10.476600000000001
157 10.5168
158 10.539200000000001
159 10.575
160 10.6018
161 10.626399999999999
162 10.65
163 10.672
164 10.685799999999999
165 10.7042
166 10.735
167 10.769
168 10.8014
169 10.816199999999998
170 10.827
171 10.8502
172 10.8674
173 10.883799999999999
174 10.8978
175 10.9025
176 10.9057
177 10.908499999999998
178 10.9017
179 10.8837
180 10.861099999999999
181 10.8275
182 10.7939
183 10.7795
184 10.7695
185 10.765699999999999
186 10.7605
187 10.7387
188 10.681299999999998
189 10.6273
190 10.561900000000001
191 10.4831
192 10.4011
193 10.3211
194 10.2295
195 10.148299999999999
196 10.0557
197 9.9717
198 9.8805
199 9.7875
200 9.7027
201 9.6385
202 9.577300000000001
203 9.5237
204 9.4879
205 9.4473
206 9.4025
207 9.3467
208 9.3023
209 9.2485
210 9.2051
211 9.1799
212 9.1751
213 9.1799
214 9.1939
215 9.1875
216 9.1815
217 9.1935
218 9.2063
219 9.2395
220 9.271899999999999
221 9.2941
222 9.3177
223 9.350900000000001
224 9.399099999999999
225 9.4552
226 9.5262
227 9.603200000000001
228 9.693999999999999
229 9.7858
230 9.8782
231 9.968200000000001
232 10.048200000000001
233 10.0722
234 10.0674
235 10.0864
236 10.097000000000001
237 10.1252
238 10.1618
239 10.212
240 10.2542
241 10.3036
242 10.3476
243 10.386600000000001
244 10.4208
245 10.482000000000001
246 10.565999999999999
247 10.656600000000001
248 10.748399999999998
249 10.8484
